version	total
3.12.0	3022
