version	total
1.0	216
