version	total
1.2	2700
