version	total
1.0	2466
