version	total
1.0.0	4933
