version	total
0.13	197905
0.15	72668
